0.22734 
0.22734 
-0.20764 
-0.47710 
-0.52199 
-0.52199 
-0.52199 
-0.52199 
0.79070 
-0.04202 
0.80992 
-1.33520 
-1.33520 
-1.37624 
-1.37624 
-1.37624 
-1.37624 
-1.67769 
-1.94804 
-1.94804 
-1.94804 
-1.71320 
-1.75244 
-1.71449 
-1.71449 
-1.71449 
-1.71449 
-1.02552 
0.02581 
0.02581 
0.02581 
0.02581 
0.02581 
-0.53888 
-0.49894 
1.15748 
0.27130 
0.41043 
-1.28342 
-1.12337 
-1.33213 
-1.70137 
-1.10238 
-1.10238 
-1.68208 
-1.24746 
-0.72961 
-0.72961 
-0.72961 
-0.72961 
-0.67434 
-0.07962 
-0.62458 
-0.13333 
-0.62722 
-0.41814 
0.98955 
0.86037 
0.86037 
-0.80143 
-0.80143 
-0.79604 
-0.77488 
-0.68529 
-0.19840 
-0.35987 
0.09849 
0.09849 
0.09849 
0.09849 
1.04225 
0.36612 
0.07563 
-0.68741 
-0.59574 
-0.34803 
-0.70782 
0.31381 
0.31381 
-0.34721 
-1.42072 
-1.16047 
0.74765 
0.74765 
0.84945 
0.84945 
0.73821 
0.73821 
0.61699 
0.61699 
0.61699 
0.61699 
0.47632 
-0.45723 
-1.35312 
-0.68069 
-1.56897 
-1.18399 
-1.18399 
-0.30608 
-0.30608 
-0.30608 
-0.31465 
-2.29325 
-2.49729 
-3.25920 
-2.89677 
-2.89677 
-2.89677 
-2.49063 
-2.49063 
-2.56711 
-2.52660 
-1.09737 
-0.24682 
-0.33134 
-0.00605 
-0.00605 
-0.00605 
-0.00605 
-0.27746 
0.48700 
0.73771 
0.43791 
1.60650 
1.60650 
1.60650 
1.25532 
1.25532 
1.25532 
1.36214 
1.18396 
1.46008 
1.46008 
1.46008 
1.46008 
1.27440 
1.92743 
2.25466 
1.79837 
-0.26246 
-0.26246 
-1.17607 
0.78219 
1.10587 
0.60461 
0.60461 
0.47868 
0.47868 
0.47868 
0.47868 
0.47868 
1.46213 
0.36376 
0.36376 
0.36376 
0.36376 
-0.01649 
-0.01649 
0.41919 
0.34128 
0.01146 
0.18514 
0.18514 
0.01836 
0.01836 
0.10665 
0.10665 
0.00946 
0.49583 
0.49583 
0.50038 
0.41320 
0.62989 
-0.11246 
-0.64664 
-0.64209 
0.11113 
0.41776 
-0.59229 
-0.59229 
-0.23679 
-0.23679 
-0.23679 
-0.23679 
-0.23679 
-1.49085 
-1.49085 
-1.69744 
-1.69744 
-1.02702 
-1.02702 
-1.02702 
-0.55998 
-0.55998 
-0.55998 
0.32140 
-0.47819 
-0.47819 
0.11077 
-0.64384 
0.78942 
0.78942 
-0.74562 
-0.74562 
-0.67372 
-0.53601 
-0.90802 
-0.74479 
-0.52177 
-0.80920 
-0.43851 
-0.10734 
0.30865 
0.63292 
0.54273 
0.85676 
-0.73353 
-0.37796 
-0.37796 
1.50577 
1.50577 
0.64306 
-1.07786 
-1.75268 
-1.62099 
-2.17876 
-2.17876 
-1.08357 
0.10339 
0.10339 
1.39978 
1.54658 
0.50775 
0.50775 
0.50775 
-0.15509 
0.53896 
0.37114 
0.37114 
0.37114 
0.37114 
0.37114 
0.19785 
-0.42649 
0.66588 
0.66588 
0.66588 
-0.33810 
0.10847 
0.16917 
-0.33987 
-0.33987 
-0.66342 
-0.69383 
-0.69383 
0.40473 
0.16564 
0.63994 
0.32883 
-0.19125 
-0.39444 
-0.39444 
0.52830 
0.33879 
0.56324 
-0.25743 
-0.25743 
-0.76532 
-2.45482 
-2.56921 
-2.64074 
-2.25591 
-0.74327 
-0.60949 
-1.36036 
-1.36036 
-0.75816 
-1.25825 
-2.09049 
-1.17884 
-0.97811 
-1.02694 
-1.02694 
-1.10334 
-0.21807 
0.74128 
0.74128 
0.74128 
0.31152 
-0.67810 
-0.03234 
-0.63474 
-0.86607 
-1.88683 
-1.88683 
-1.56383 
-1.51896 
-0.23602 
0.02135 
-0.65619 
-1.05778 
-0.56828 
-0.69205 
0.67854 
1.23392 
0.81388 
0.08456 
1.02673 
1.02673 
0.89638 
0.03798 
-0.38634 
0.02007 
-1.01731 
-0.86780 
-0.81417 
-1.62926 
-1.62926 
-1.88181 
-1.58809 
-1.76632 
-0.61836 
1.35027 
1.58550 
1.55537 
1.55537 
1.51727 
1.58993 
1.58993 
1.58993 
-0.10705 
-0.11284 
-0.11284 
-0.50244 
-1.00486 
-1.20053 
-1.20053 
-1.20053 
-1.20053 
-0.85182 
-0.00994 
0.05115 
0.05115 
-0.64393 
-0.19815 
-0.50647 
-1.22016 
-0.26177 
-0.52472 
0.75819 
0.77910 
-0.17769 
0.06107 
-0.30318 
0.89684 
0.89684 
0.89684 
-0.55621 
0.63745 
0.91259 
-0.10720 
-0.83812 
-0.83812 
0.28926 
-0.41680 
-0.76885 
-0.76885 
-0.76885 
-0.76885 
-0.76885 
-0.50107 
1.06385 
1.06385 
1.23192 
0.99763 
-0.81700 
-0.39711 
-0.04798 
-0.04798 
0.86198 
0.34645 
0.46539 
0.46539 
0.78803 
0.78803 
0.78803 
0.93264 
1.68348 
1.68348 
0.94071 
0.94071 
0.87160 
0.87160 
0.87160 
0.87160 
0.41752 
1.60700 
1.60700 
-0.82240 
-0.65747 
0.58318 
0.82531 
0.82531 
0.64904 
0.53770 
0.53770 
-0.85023 
-1.61046 
-1.61700 
-1.25807 
-0.05468 
-0.05468 
-0.49158 
-0.03832 
-0.03832 
-0.03832 
0.69464 
-1.00102 
0.47843 
0.00794 
0.00794 
0.00794 
0.00794 
0.33427 
-0.06317 
0.84034 
0.84034 
0.49628 
-0.14332 
-1.57456 
-0.77727 
-0.77727 
-0.77727 
-0.94622 
0.92750 
0.82614 
0.38275 
0.38275 
0.35934 
-0.15203 
0.03696 
0.03696 
0.14598 
0.14598 
-0.87337 
-0.42298 
-0.29963 
-0.29963 
1.48655 
1.09348 
-0.55699 
-1.06997 
-1.18463 
-2.01583 
-2.01583 
-2.38695 
-2.35610 
-1.82103 
-1.82103 
-1.82103 
-1.68685 
-1.39839 
-1.39839 
-0.57807 
-0.65098 
-0.65098 
0.24989 
0.24989 
0.24989 
0.90362 
0.78840 
1.06587 
0.83740 
0.35581 
0.18881 
-0.50351 
0.07798 
-0.67380 
0.67169 
0.67169 
0.12279 
0.12279 
0.68730 
-0.58199 
-0.63041 
-0.14591 
0.65879 
-0.64910 
-0.16094 
-0.16094 
0.48387 
0.21198 
-0.19635 
0.59860 
-0.57848 
-1.97468 
-1.97468 
-0.55290 
0.06589 
0.06589 
1.79913 
1.31891 
0.61001 
1.63986 
1.72430 
1.72430 
1.72430 
1.94894 
1.37655 
0.90171 
-0.91641 
-0.87794 
-1.57977 
-0.81461 
-1.59474 
-0.58694 
-0.58694 
-0.66631 
-0.66631 
-0.66631 
-0.04646 
0.49104 
-1.00482 
-1.47846 
-0.84295 
-0.84295 
-2.01796 
-1.44222 
-1.36042 
-1.34041 
-1.08518 
-0.37610 
-0.63308 
0.54536 
0.01874 
0.01874 
0.40640 
0.40640 
-0.47513 
-0.47513 
-0.89907 
-1.40411 
-1.43888 
-0.45806 
-0.45806 
1.11062 
-0.68293 
-0.64291 
-0.88317 
-0.88317 
-0.55797 
-0.98700 
-0.98767 
-0.58403 
-0.58403 
-0.23067 
0.99390 
0.99390 
0.99390 
1.52116 
1.47094 
-0.92977 
-0.28271 
-1.03931 
-1.03931 
0.47712 
-0.67838 
-1.30328 
-0.40110 
-0.75384 
-0.20897 
0.16904 
0.17387 
1.06422 
1.18979 
1.18979 
1.29116 
1.29116 
1.26836 
0.17708 
0.17708 
0.29097 
-0.71849 
-0.71849 
0.23214 
1.06412 
1.06412 
0.55603 
0.52135 
0.58582 
0.58582 
0.58582 
0.38697 
0.55581 
0.12164 
0.78478 
0.17959 
0.17959 
-1.06331 
-0.67182 
-0.67182 
-0.67182 
-0.59188 
-0.59188 
-1.57705 
-1.75188 
-1.10545 
-1.27818 
-1.27818 
-0.53962 
0.61248 
0.61248 
0.99194 
0.63059 
1.08380 
1.08380 
0.94926 
0.94926 
0.94926 
0.09140 
0.09140 
-0.61409 
-0.61409 
0.57066 
0.57072 
0.57072 
-0.64743 
-0.64743 
-0.64743 
-0.10947 
-0.23063 
0.44704 
0.31653 
0.89563 
-1.19925 
0.69184 
0.69184 
-0.99167 
-0.11448 
-0.54190 
-1.18028 
-1.17000 
-0.33463 
-0.88697 
-0.59021 
-0.98099 
-0.98099 
-0.98099 
-1.05899 
-1.05899 
-1.21906 
-1.20511 
-1.20511 
-1.20511 
-1.65228 
-0.61437 
0.10938 
1.56757 
1.56757 
1.56757 
0.65383 
0.11974 
-0.71420 
-0.54060 
-0.02625 
0.11184 
0.16577 
0.16577 
1.39372 
1.50501 
1.10620 
-0.15065 
-0.15065 
-0.72665 
-0.72665 
0.54451 
0.85243 
0.85243 
0.85243 
-0.01942 
-0.44759 
-0.31513 
-0.08684 
-0.66171 
-1.88410 
-1.67881 
-1.81146 
-1.18951 
-1.41105 
-1.41105 
0.22833 
-0.69206 
-0.65137 
-0.60036 
-0.57991 
-0.00482 
0.44717 
-0.44056 
-0.24229 
-0.12366 
0.62050 
0.99862 
0.41239 
0.41239 
0.41239 
0.41239 
0.41239 
1.33273 
1.06082 
1.06082 
0.32449 
0.46673 
-0.32332 
1.16124 
0.65960 
0.65960 
0.65960 
-0.03342 
-1.50141 
-0.67562 
-0.21303 
0.80051 
0.89006 
0.00214 
-0.41020 
-0.41020 
-0.48680 
0.15257 
0.49987 
0.49987 
-1.11334 
-0.55194 
-0.55194 
-0.55194 
-0.55194 
-0.55194 
-0.55194 
-0.55194 
-0.03581 
0.56458 
1.44568 
1.51090 
0.82344 
-0.13948 
1.08626 
-1.19470 
-1.19470 
-0.24850 
0.60890 
-1.05146 
0.70873 
-0.29651 
-0.29651 
-0.76595 
0.01617 
-0.34308 
1.25396 
1.75301 
1.75301 
1.05806 
1.16486 
1.16486 
1.51736 
0.54447 
0.91411 
-0.04426 
-0.04426 
-0.07268 
-0.07268 
1.40552 
1.11743 
1.11743 
1.49284 
0.04242 
0.04242 
-0.71624 
-0.55427 
-0.55427 
-0.55427 
-0.46468 
-0.46468 
-0.49280 
-0.49280 
-0.04661 
-0.04661 
-0.48371 
0.34597 
0.34597 
0.34597 
-0.73039 
-0.73039 
-0.17977 
-1.12476 
-0.01559 
-1.26690 
-1.26690 
-0.66386 
-0.66386 
-0.51594 
0.04484 
0.04484 
1.21444 
0.11788 
2.08186 
1.83261 
1.46073 
1.46073 
0.30167 
0.40042 
0.40042 
0.08034 
-0.89285 
0.14413 
0.28298 
0.28298 
0.20970 
0.20970 
0.18952 
0.18952 
-0.68704 
0.35838 
-0.18182 
-0.18182 
1.03215 
1.20615 
1.20615 
-0.20181 
-0.98325 
-0.91746 
0.04993 
0.04993 
0.52453 
0.52453 
0.52453 
0.52453 
0.52453 
0.52453 
-1.13722 
0.69899 
0.77615 
0.77615 
0.77615 
0.94041 
0.94041 
0.27099 
-0.84109 
-0.84109 
-0.64480 
-0.64480 
-0.43599 
0.34054 
0.64454 
-0.26764 
-0.26764 
1.21413 
1.27304 
0.65977 
0.65977 
-0.30990 
0.54122 
0.54122 
-0.79520 
1.00776 
1.92192 
0.58856 
0.58856 
0.58856 
0.58856 
0.58856 
0.58856 
0.58856 
0.76823 
0.76823 
0.76823 
0.79630 
0.17210 
-0.50037 
-0.63322 
-0.63322 
0.18464 
0.18464 
-0.95954 
-0.45577 
-0.45577 
-0.22727 
0.02611 
0.58286 
0.58286 
-0.30775 
0.37216 
0.82128 
0.56946 
-0.98826 
-1.95844 
-0.24661 
-0.24661 
-1.14658 
-0.91358 
-1.14178 
-1.14178 
-1.36467 
-1.36467 
-1.15515 
-0.49299 
-0.30910 
0.51332 
0.19920 
0.66016 
0.94843 
0.04410 
0.72947 
-0.32739 
-0.32739 
-0.97323 
-0.97323 
-0.97323 
-1.25701 
-1.15955 
-1.15955 
-2.70464 
-1.59956 
-0.11166 
-0.11166 
0.68315 
0.63093 
0.73454 
0.73454 
0.73454 
0.73454 
-0.08370 
-0.08370 
-0.08370 
-1.50902 
-1.41162 
-1.41162 
-1.41162 
-1.82566 
-1.82566 
-2.36904 
-2.01190 
-2.01190 
-2.01190 
-2.01190 
-2.15703 
-1.72277 
-1.72277 
-2.02856 
0.11139 
0.67226 
0.67226 
1.84254 
1.84254 
1.06903 
1.27301 
1.27301 
1.27301 
-0.59888 
0.49601 
-0.84434 
0.46086 
0.66903 
-0.01334 
0.06689 
-0.01369 
0.90372 
0.48592 
-0.83468 
-0.83468 
-1.34704 
-0.56779 
1.11758 
1.15275 
1.71423 
1.71423 
1.60569 
1.60569 
0.59208 
-0.05775 
-0.65540 
0.73974 
1.33749 
1.14865 
-0.23896 
0.79422 
-0.77268 
-1.41214 
0.30987 
0.14018 
0.40056 
-0.11521 
-1.19473 
-1.43982 
-0.95303 
-0.44601 
-0.44601 
-0.44601 
-0.44601 
-0.44601 
-2.16343 
