0.01111 
-0.62100 
-0.62100 
0.74508 
0.74508 
-0.03472 
1.58002 
1.31417 
-0.87481 
-0.87481 
-0.87481 
-1.11966 
-1.11966 
0.92825 
1.08904 
1.08904 
-0.56409 
-1.05657 
-0.86998 
-0.45469 
-0.45469 
-0.08029 
-1.54493 
-2.00460 
-2.00460 
-1.52574 
-0.78229 
-0.78718 
-0.78718 
0.76643 
1.86380 
1.86380 
1.34572 
0.31068 
0.29870 
0.03400 
-0.36385 
-0.36385 
-0.36385 
0.14210 
0.14210 
0.43357 
0.43357 
0.27503 
0.27503 
-0.79579 
-0.79579 
-0.58603 
-0.68024 
-0.41930 
0.18467 
0.01590 
0.65805 
1.12562 
0.38155 
0.64511 
0.64511 
-0.24100 
0.08419 
0.08419 
-0.92969 
-1.10730 
-1.10730 
-2.68380 
-0.79356 
-0.57927 
-1.59626 
-1.59626 
-1.75628 
-1.90337 
-1.90337 
-1.90337 
-1.90337 
-1.21022 
-0.82406 
-0.50339 
0.99546 
0.99546 
0.83016 
0.23221 
1.18297 
-0.72919 
-0.72919 
-0.89020 
-0.89020 
-0.17061 
0.17412 
-0.09766 
0.27771 
-0.03097 
0.18347 
0.18347 
0.18347 
-0.29139 
-0.29139 
-0.29139 
-0.85831 
-0.85831 
-0.85831 
-0.35036 
0.37569 
1.16358 
-0.51761 
-0.51761 
-0.51761 
-0.51761 
1.32812 
0.38566 
0.38566 
0.38566 
0.38566 
0.22286 
0.22286 
0.32927 
0.32927 
0.32927 
0.32927 
0.32927 
1.52231 
1.66893 
0.21399 
-0.81833 
-0.89637 
-1.59681 
-1.59681 
-1.59681 
-1.59681 
-1.83679 
-1.83679 
0.30726 
0.08547 
0.08547 
0.36072 
-0.71445 
-0.38796 
-0.66833 
-0.06173 
-0.39810 
0.04199 
0.06924 
0.06924 
-0.66321 
0.67160 
-0.77485 
-0.83789 
-0.44156 
0.15531 
-0.51443 
0.09676 
0.57463 
0.57463 
0.57463 
0.50710 
0.50710 
0.50710 
0.50710 
-0.90773 
-2.14649 
-2.14649 
-2.14649 
-2.14649 
-1.43810 
-1.43810 
-1.27168 
-0.42354 
-0.44484 
-1.28961 
-1.67806 
-1.14833 
-0.55802 
0.65115 
-0.18249 
0.19628 
0.19628 
-0.01668 
-0.01668 
0.34066 
-0.06981 
-0.06981 
0.25569 
2.07837 
1.41662 
-0.12329 
-0.23582 
-0.23582 
-0.23582 
-0.23582 
-0.23582 
0.86902 
1.20179 
1.28016 
1.28016 
2.26112 
2.69278 
0.37354 
-0.00243 
-1.20844 
-1.20844 
-0.49368 
-0.49368 
-0.09922 
-0.09922 
-0.09922 
-0.09922 
-0.41926 
-0.31566 
-0.64419 
-0.64419 
-1.65616 
-1.65616 
-2.17597 
-1.14048 
-2.12908 
-2.11930 
-2.11930 
-1.99073 
-2.04148 
-2.04148 
-0.00461 
-0.36993 
-0.06134 
-0.06134 
-0.28486 
-0.76854 
0.55535 
-0.23813 
0.65579 
0.65579 
0.65579 
0.53559 
0.10474 
0.35029 
-0.65538 
-0.65538 
0.03603 
-0.28052 
-0.44546 
-0.49181 
0.40625 
0.68749 
2.19570 
1.78747 
0.96993 
0.96993 
-1.05868 
-1.05868 
-1.05868 
-1.05868 
-0.80177 
-0.84499 
-0.84499 
-1.59771 
0.07752 
-1.67868 
0.61724 
0.61724 
1.34749 
1.06359 
1.06359 
0.50258 
-0.99413 
-0.99413 
-0.99413 
-0.80837 
-0.32035 
-0.32035 
0.01580 
0.01580 
0.80078 
0.80078 
0.70755 
1.12224 
1.12224 
0.56809 
0.92962 
0.92962 
0.62908 
0.64414 
0.64414 
-0.82032 
-1.37075 
-1.37075 
-1.37075 
-1.37075 
-1.37075 
-1.37075 
-0.37478 
-0.37478 
0.50718 
1.30265 
1.30265 
0.80792 
0.94139 
0.94139 
-0.09534 
-0.09534 
-0.09534 
-0.06626 
-0.06626 
-0.06626 
-0.28998 
-0.28998 
-0.28998 
0.67567 
0.67567 
0.79283 
-0.38327 
-0.95675 
-0.95650 
-0.75311 
0.17688 
0.17688 
0.17688 
0.22011 
0.22011 
-0.06435 
-0.37505 
-0.37505 
-0.00482 
-0.63420 
-0.56121 
-0.56121 
-0.03028 
-0.03028 
-0.03028 
-1.05349 
-0.37982 
1.03273 
1.03273 
1.03273 
0.35830 
-0.23422 
-0.23422 
-1.22946 
-1.16628 
-1.16628 
-1.72940 
-1.72940 
-1.72940 
-1.72940 
-1.16947 
-0.60222 
-0.65317 
-0.17928 
-0.52782 
-0.52782 
-0.52782 
0.92495 
1.20305 
0.99194 
0.37505 
-0.30318 
0.28389 
-0.47299 
-1.39797 
-1.39797 
-1.55952 
0.37649 
0.69313 
0.05835 
0.40648 
-0.49833 
-1.50980 
-1.50980 
-0.40721 
-0.40721 
-1.21935 
-1.21935 
-0.09471 
0.37039 
0.37039 
0.14244 
0.14244 
-0.03401 
0.88202 
1.80613 
-0.43930 
-0.11504 
-0.93884 
-1.28591 
-1.30634 
-1.30634 
-1.28597 
-1.28597 
-1.87189 
-0.94382 
-0.13509 
-0.13509 
-0.13509 
-0.13509 
0.38860 
1.45211 
0.53457 
0.53457 
0.75334 
1.33800 
0.87521 
-0.37075 
-0.94254 
-0.08599 
1.17352 
1.68564 
1.01208 
-0.09399 
-0.74115 
0.55229 
0.55229 
-0.28412 
-0.45382 
0.09858 
-1.21584 
-1.21584 
-0.24665 
-0.38110 
0.69689 
0.69689 
0.69689 
0.46729 
0.46729 
0.46729 
0.77238 
0.74409 
0.43005 
0.30570 
-0.49087 
-1.19521 
-1.19521 
-0.18866 
-0.18866 
-0.38151 
-1.02149 
-1.02149 
-1.02149 
-1.02149 
-0.45603 
0.18258 
0.90200 
1.42709 
1.06606 
0.49860 
0.98814 
1.13194 
1.13194 
-0.61517 
-0.61517 
-0.69123 
-0.69123 
-0.10153 
0.17761 
0.17761 
0.51937 
0.87678 
0.74505 
0.10422 
0.10422 
0.31777 
0.35127 
0.20312 
0.20312 
1.35082 
1.24738 
1.24738 
0.82965 
0.82965 
0.82965 
0.33007 
0.65595 
1.05658 
0.88235 
0.88016 
-0.95653 
-0.95653 
0.34545 
-0.70180 
-0.82668 
-0.29454 
-0.64912 
-0.76746 
-0.76746 
-0.79013 
0.36611 
0.36611 
0.36611 
-0.63482 
-0.63482 
-0.49048 
-0.45575 
-0.35328 
-0.13943 
-0.09059 
-0.09059 
-0.09059 
-0.09059 
-0.09059 
-0.09059 
0.94869 
0.79972 
-0.21131 
0.12142 
-0.06420 
-0.06420 
0.56121 
1.34710 
1.34710 
1.25310 
1.25310 
2.38575 
2.53037 
2.53037 
2.53037 
2.53037 
2.34377 
2.34377 
2.34377 
2.34377 
1.91426 
2.43730 
2.43730 
2.43730 
2.59865 
2.81935 
2.81935 
2.81935 
2.81935 
2.57152 
2.57152 
0.79502 
0.79502 
-0.43193 
-0.81643 
-0.81643 
-0.46287 
-0.98599 
-0.43486 
0.46820 
0.46820 
-0.13939 
-0.13939 
-0.13939 
-0.13939 
-0.13939 
-0.00701 
0.22099 
0.22099 
0.18902 
-1.59073 
-0.35848 
-0.05716 
-0.05716 
-0.39221 
-0.95293 
-0.95293 
-0.95293 
-0.48869 
-0.48869 
-1.85779 
-0.91354 
-1.34489 
-1.34489 
-1.34489 
0.43021 
0.26448 
0.26448 
-0.37055 
-0.37055 
0.44813 
-0.22466 
-0.22466 
-0.59284 
-0.35723 
0.79664 
0.59733 
0.37196 
-0.24769 
-0.24769 
0.93301 
0.93301 
-0.88621 
-0.88619 
-0.67942 
1.70489 
1.41795 
0.64849 
0.24432 
0.24432 
1.06686 
0.83121 
0.00785 
-1.39390 
-1.39390 
-1.39390 
-1.39390 
-1.06309 
-0.98520 
-0.98520 
0.57653 
-1.00755 
-0.81596 
-0.81596 
-0.81596 
-1.55892 
-1.03148 
-1.52676 
-2.12612 
-1.68514 
-1.05088 
0.14265 
0.23281 
-0.36699 
-0.36699 
-1.38858 
-1.28317 
-1.28317 
-0.94957 
-1.40737 
1.21678 
1.03181 
2.17634 
2.95356 
0.78281 
0.72683 
1.28621 
2.09040 
2.82366 
2.82366 
2.53113 
1.71401 
1.71401 
1.74385 
-0.99510 
0.91449 
1.06125 
0.74432 
0.62897 
0.62897 
0.49022 
0.31336 
0.29894 
-0.33495 
0.31087 
0.31087 
-0.30219 
-0.17636 
-0.71121 
-1.02149 
0.15280 
0.15280 
0.15280 
-0.81180 
-1.10345 
-0.28598 
-0.62413 
-0.27977 
-0.31443 
-0.14935 
0.82496 
0.82496 
0.82496 
0.82496 
0.82496 
0.80578 
-0.05644 
-0.22867 
0.30398 
0.00519 
0.63983 
0.63983 
0.63983 
0.57606 
1.81882 
2.00569 
2.54940 
1.76012 
1.11061 
1.11061 
-0.79848 
-0.01547 
0.29133 
-0.07697 
-0.08354 
-0.60479 
0.78602 
1.84617 
0.31648 
0.31648 
-0.67783 
-0.67783 
-0.67783 
0.56852 
0.57928 
-0.15788 
-0.73358 
-0.73358 
-0.73358 
-1.09650 
-1.09650 
-1.09650 
0.02715 
0.38694 
0.97409 
0.97409 
0.52113 
0.52113 
0.97858 
1.18043 
1.39737 
1.07949 
1.07949 
1.07949 
0.72150 
1.02654 
-0.66509 
-0.53968 
-0.23436 
0.70357 
-0.12315 
-0.31743 
-0.31743 
-0.17509 
0.18882 
-0.37821 
-0.89074 
-1.61778 
-1.61778 
0.36673 
-0.79010 
-1.09388 
-2.05541 
-2.05541 
-0.69775 
-0.14244 
-1.33166 
-1.33166 
-1.33166 
-0.89066 
0.73387 
1.45888 
0.71943 
0.19506 
0.19506 
0.09722 
2.14205 
1.58721 
1.29309 
1.14903 
-0.73193 
0.67640 
1.88282 
0.62071 
-0.27983 
-0.25454 
-0.25454 
-0.25454 
0.59795 
0.59795 
0.59795 
1.60784 
-0.01457 
0.45688 
-0.12806 
-0.12806 
0.30985 
-0.62010 
-0.62010 
0.54848 
-0.40267 
-0.44934 
-2.05430 
-1.39870 
-0.19834 
-0.19834 
-0.10619 
-0.53094 
-0.43609 
-1.16504 
-1.16504 
-1.16504 
-0.57722 
-0.13337 
-1.20482 
-2.16074 
-2.12335 
-1.94899 
-1.63861 
0.06541 
0.06541 
0.06541 
-0.70960 
0.74686 
0.74686 
0.54801 
0.54801 
-0.90620 
-1.36459 
-0.96518 
-0.96518 
-1.06754 
-1.06754 
0.23247 
-0.12292 
-1.10104 
0.99777 
0.45465 
0.45465 
-0.30635 
-1.12056 
-0.77758 
0.51894 
0.51894 
-0.07626 
-0.07626 
-0.59255 
-0.59255 
-0.35093 
-0.35093 
-0.12659 
-0.02559 
1.47542 
0.48086 
0.80325 
0.28234 
0.28234 
0.28234 
1.20209 
1.20209 
1.20209 
1.35082 
0.73741 
-0.44802 
-0.83133 
0.15724 
0.42185 
-0.04849 
-1.21532 
-2.44655 
-2.49401 
-2.49401 
-2.49401 
-2.49401 
-1.97001 
-1.68460 
-1.31284 
0.76177 
0.46980 
0.12058 
0.68360 
0.64473 
0.46993 
-0.70635 
-0.37021 
0.44008 
0.16832 
-0.80682 
-1.27643 
-0.75520 
-0.75520 
-0.75520 
-0.75520 
-0.42936 
0.35953 
-0.07913 
0.07709 
-0.67945 
0.27179 
0.62620 
0.62620 
1.07382 
1.72960 
1.72960 
1.42515 
0.59213 
-0.33640 
0.70868 
-0.76847 
-0.76847 
-1.69722 
-2.61016 
-2.61016 
-1.05548 
-1.05548 
-0.03674 
-0.03674 
0.85530 
0.19858 
0.34258 
-0.35853 
0.84972 
1.46925 
1.85299 
1.85299 
1.85299 
2.37285 
2.37285 
2.16581 
1.71107 
1.51728 
1.61657 
-0.48124 
1.55449 
0.41634 
0.19354 
0.30224 
0.51236 
0.51236 
1.14516 
0.24139 
0.60526 
0.76943 
0.76943 
0.30356 
-0.09797 
1.44955 
1.69343 
1.69343 
0.02162 
0.75602 
0.75602 
-0.52075 
-0.78333 
-1.13410 
-1.13410 
-0.61174 
0.44678 
-0.43190 
1.14258 
1.14258 
1.83693 
1.83693 
1.98262 
0.78440 
-0.72740 
0.02117 
-0.82836 
0.23486 
1.10399 
1.10399 
1.10399 
-0.35723 
0.40684 
0.12546 
0.12546 
-1.31683 
-1.10475 
1.45144 
1.45144 
1.27167 
0.75333 
-0.35533 
0.26678 
0.36096 
0.56508 
0.38719 
0.38719 
-0.23501 
-0.88633 
-0.13332 
0.59463 
-0.50488 
-0.46784 
-1.82080 
-1.82080 
-0.57109 
0.06181 
-0.35732 
0.62513 
1.08707 
0.40408 
0.40408 
0.25156 
0.25156 
0.16816 
-0.38299 
0.27301 
0.27301 
0.27301 
-0.03448 
0.99018 
0.71626 
0.17155 
-0.53907 
0.42258 
-0.44148 
-0.51401 
-0.25002 
0.02651 
0.01571 
-0.39590 
-0.77137 
-0.77137 
-0.77137 
-0.77137 
0.58295 
0.63025 
0.09270 
0.09270 
-0.17477 
-0.17477 
-0.56050 
0.03740 
-0.72247 
